SM:2026-06-09T21:22:15.3809801Z
LM:2026-06-09T21:22:15.6350430Z
CT:image/jpeg
MA:604800
CL:27265
